      outWeight: 0.33333334
        outWeight: 0.33333334
          outWeight: 0.33333334
            outWeight: 0.33333334
